SURFGEN.GLOBAL Hd COEFFICIENTS FILE V:2.6.7
hd coefficient file of nh3 made with surfgen                                                                                                                                                                                                                   
ORDER
    4
COEFFICIENTS
ORDER     0 BLOCK     1
 -4.5871226303217610E-01
ORDER     0 BLOCK     3
  4.4611559184204230E+00
ORDER     1 BLOCK     1
  9.0682167344472087E-01 -1.6039679379700331E+00  8.6691151666975275E-01 -1.5305575899169738E-01  2.1170897431033624E+00 -1.2002347600325369E+00
  1.1442690562399818E+00
ORDER     1 BLOCK     2
  8.6779240432869198E+00
ORDER     1 BLOCK     3
 -1.2451950390093185E+00 -7.1589972767033005E-01  1.3915696802719308E+00 -1.8788086182861916E+00 -2.6245335483382863E+00 -1.0937670442186700E+00
  2.2965207658850340E-01
ORDER     2 BLOCK     1
  6.1660473062946712E+00  1.0326648660852171E+00 -2.3780108841193686E+00 -8.6170865463477426E+00  2.8808870381831331E+00  1.1679345081485097E+01
  1.5826249623201714E+00  8.4563566680927904E-01 -2.8217508279474015E+00 -6.0090840480042544E+00  2.4005512356775141E-01  4.0578839418434443E-01
  2.0470507944400320E+00 -6.4111693776984413E-01 -2.8552158113619247E-02  1.5073568618645488E+00 -8.0934457976548191E-01  7.5828193772246644E-01
 -1.0010767964872125E+00  2.6295155192285835E-01  2.4350407451669396E+00 -1.9379025894148372E+00  1.3663014979080692E+00  4.6544825167827124E+00
 -1.8772632304365694E-01 -6.4314379612096906E-01 -2.4318746908779696E+00  6.8999822518274534E-01  1.1228718596107795E+01 -3.6420437226861484E+00
 -1.4872423941741513E+01  6.6551515888361203E+00 -1.5062680475305426E+00 -8.2350913407760865E-02  4.1714001150098323E-01 -5.3717658146071223E-01
  2.1216496533971601E+00  1.2440361694146103E+00  7.4260348411229176E+00  3.6111487012922794E-01  4.8525830915817120E-01 -1.9581936958291486E+00
 -5.4625451061255523E+00  3.8284858548553751E+00 -1.4912165688254437E+00 -9.3301144951329251E-01 -6.4063679124563788E-01  8.5590000496901172E-02
 -2.4924785925887636E+00  6.6818127580629372E-01  1.0795798744770310E-01 -1.9258253012417754E-02 -3.1962018311096718E-01  5.7188397079083721E-02
 -5.4028596419799699E+00
ORDER     2 BLOCK     2
  2.1588766185518903E+01 -1.7664165418928189E+01 -1.5711514556669564E+00 -1.2097272270659396E+01 -1.4676285761692360E+00  2.1488740103616619E+00
 -1.1559378422420295E+01
ORDER     2 BLOCK     3
 -1.3319256978172911E+01  5.8813036640134602E+00  1.3826839123504508E-01 -5.5459761628842639E+00 -2.8815240721561266E+00 -2.0504668625541229E+00
 -2.6053459742008469E+00 -3.6110362865763594E+00 -3.7728395569945414E+00  4.6880492838541823E+00  1.2301652111969947E+00  1.6780194023095794E-02
 -7.1547050971733022E+00 -3.5922846545884517E+00  6.0335579808252930E+00  1.9807780879757646E+00  2.8336750348852862E+00  1.6948785302052091E-01
  4.4977965856536706E+00  1.4789913137819264E+00  4.1084919147087362E+00  2.2368378979699499E+00 -1.1694716481372389E+01 -7.2414788844473295E+00
  2.9012261214265944E-01  8.6628609495579573E-02  1.7505504365651752E+00 -2.1420305033804818E-01 -5.5451641128153062E+00  4.8881971162654416E+00
  1.5794341300109053E+01 -9.8662574778188201E+00 -6.7174189528667831E+00  1.6553186294974656E+00 -4.2765697101340711E-01  2.6876643464469505E+00
 -5.8750117741589776E+00  8.2946194929580330E-01  1.1703762276376720E+01 -4.0583953753147135E+00  5.0607334316022135E+00  2.1794842972017641E+00
  7.1359767170177890E-01  4.9874491924216287E+00 -3.6891812246741504E+00 -3.3738274373271038E-02  4.8920530120034913E+00 -5.3454181793231603E+00
  4.2002772567596276E+00 -1.2589240167645923E+00 -3.8376724739483192E-01  1.2684698334096505E+00 -4.9076667363834918E+00 -7.1195588409007513E+00
  7.0759008577206881E+00
ORDER     3 BLOCK     1
 -3.7699021334623244E+00  8.9707413809095193E+00  4.1487536863117258E+00 -1.1899198872849789E+01 -7.8977811120298300E+00 -3.6507358353594208E+00
 -4.3717524095854818E+00  2.1672650451216535E+00 -9.1919141446838601E+00 -1.6158894948506056E+01 -3.0373897261766039E+00  1.2515710398106480E+01
 -6.6982354875810823E-01 -1.9847265425239651E+00 -1.4561641748873111E+00  1.7758327732083667E+00  4.8072835214358962E+00 -3.1694662335492657E-01
 -2.0031157071050139E+00  9.7936797801249864E-02  4.7704721962387342E-01  4.9158064305110996E+00  6.0167173269769614E-01  3.1046770385531647E-01
 -2.7237515047072414E-01 -1.1467991446709810E-01 -1.8498910488180975E-02  2.4843797241789461E-02 -2.5136441676692378E+00  4.1228884825213669E-01
 -4.3289086197527951E+00  6.5421395100513280E+00  8.4654443088601194E-01  3.4112519564342031E-01  3.6134544034187907E-02 -9.8480641170576068E-03
  2.9345989097499197E+00 -5.7450957628834687E-01 -2.9396376500632493E-01 -7.7195259516350463E+00  2.6159369015382148E+00  1.2003330398134255E+01
 -5.3381650400135716E-01 -4.1065891679525773E-01 -3.2528071284148763E-01  2.6662460559479839E-01 -2.4753614360110601E+00 -1.2487737562816362E+01
  2.9712873365061672E+00  6.6024290537370449E+00  2.4702484409145540E+00  2.8125492419516025E+00  4.2820101397042372E+00  3.2403084643443736E-01
  7.5106144410121587E+00  3.1355240349218381E+00 -1.4236343998953291E+00 -4.2413975527139627E+00 -8.4213310000401664E-01 -5.3484493529719401E+00
  6.8750292773295101E+00  1.8565045640656233E+00 -6.9137960123225408E+00  1.8137428003715161E+00 -1.1293029160086032E-01 -7.1535580696592724E+00
 -8.3818778621162471E-01  6.7071995662519672E+00  4.1934333451095398E+00 -7.6064422791817883E+00 -1.9576122357118504E+00  3.4666205287667168E-01
  2.2316296151361121E+00 -1.6418185619869050E+00  5.7479422255016015E+00 -4.0561842984866550E+00  3.9893251534214142E+00 -9.1538725938670158E+00
  5.6141518801669283E+00  3.4751805772556228E+00 -3.0289166681694030E-01  7.8600599040638597E-01  8.1804409810535861E-01 -6.8072394186622243E-01
  4.2366786976899338E+00  9.2859364710305314E+00 -6.5948545067212940E+00 -9.6661632614677426E+00 -1.0080120255282952E+00  4.4821603104765698E-02
 -1.3871315310558296E-01 -2.0622589172912398E+00 -1.3280882400601984E+01 -1.7265267619980800E+00  1.3896888141391672E+00 -7.9018996393990060E+00
 -6.8795131565475037E-02  4.0250859426175341E+00 -1.1144624193803930E-02  1.9594227523342627E+00  1.8505820619111844E+01  1.6110931009074257E+01
 -7.4399436688640890E+00 -1.3496214792829209E+01 -2.1350862949111782E+01  1.7845753675983620E+01  4.5434808114438383E-02  2.3268177922819172E-01
 -6.0128630279421369E-01 -6.3409884595378205E+00 -1.7756766270565134E+00 -8.0166886753569555E-01 -1.7066030338574286E+01 -2.6435904373270535E+01
 -3.7036094643293098E+00  3.9436161587345410E+01 -1.5222719926471870E+01 -5.8678795979747829E+00  5.9538038343520105E-01  4.3542415851472240E+00
  1.1142958428195774E+01  3.0092945780843920E+00  3.8834604903915243E-02  7.4603448209399046E+00  1.6458283840720767E+01 -4.8815877680817374E+00
 -2.2391383022626428E+01  1.0993404594056511E+00  4.4225894320251582E+00 -9.6017294102885942E-01 -2.5112378875825199E+00 -2.7800186274470136E+00
 -9.5170664820793019E-02  3.4503973998218518E+00 -3.0887364606896357E+00 -4.4826449707940190E+00  5.2430116528354906E+00 -2.5343554624544438E+00
 -6.0921484153233973E-01  4.2540493368813159E+00 -1.2310605774328788E+01  1.4313817281656218E+00 -2.0185343894548806E+00  1.2970821791475973E+00
 -1.0145507018727178E+01  1.3229863478997201E+01 -2.0467320838869054E+00  1.0783672922066730E+01  3.3663548571839075E-01 -4.5483546201300893E+00
  4.5577305801536516E+00 -9.6064782850152397E-01  8.7807267058713538E+00 -3.2074331815993684E+00  5.2641890362627541E-01 -5.4428093572185898E-01
  5.8639502730719091E+00 -1.2502928458526144E+00 -1.5092817734175140E+01  2.8924869822859791E+00 -3.6796409689762549E-01 -2.6197511974305132E-01
 -6.6140414670748795E+00  5.9959138292873158E-02  1.7260666495953696E+01 -2.5963937935189332E+00  9.3611736254367428E-01  2.2175913985084050E+00
 -1.3011064770152327E+00 -3.5217285216067316E+00  8.1493627835966553E-01  2.3746176413074256E+00  5.9861658863931480E+00 -3.8468218684390293E-01
 -2.7213918894280370E-01  1.6110712460687229E+00 -8.7134655600236033E-01 -5.0653952249125597E-02 -1.0351740964522686E-01 -5.8619732607138630E-01
 -4.8988069735365908E-01 -1.9446427132630755E+00  8.2063584813647044E+00  2.4318888587109324E+00 -5.5112863579722475E+00  3.7086541196539180E+00
 -4.0448426450163009E+00  3.6619437917056921E-02  1.2722926486170190E+00  6.3568407516069103E-01  8.6517117775510073E+00 -5.6315132682222995E+00
 -3.7828078544424654E-01  4.2777096868930240E+00  5.2640375775845683E-01  9.9886523783180817E-02  2.8763434033739728E+00  5.8516317897664857E-02
  2.3657729116809750E-01 -8.7254148081985949E-01 -1.8224382805527608E+00  7.7811165771942905E+00  3.1829362598571631E+00 -4.6652556651932580E+00
 -9.0263493079655586E+00  3.0180577177888901E-01  7.3055043887026985E+00 -1.3443351829657797E+00  2.3227364593825928E+00  1.2935129429981969E+00
 -2.1217808342207581E-01 -4.1229216494032395E+00 -7.7712367699324847E-01 -7.5388605677985232E-01 -2.8390948985542983E+00 -1.7670787868397413E+00
  2.2393158814454489E-01 -7.5551751029384306E-01 -1.6504435060975078E+00 -2.8460153375004499E-01  1.3560892416766068E+00  9.6287948784306021E+00
 -1.0869289421451409E+00 -1.1086035083440220E+00 -1.2518432591347555E+00 -2.5709718753801253E-01  3.2482109613031085E-01 -8.1432450226471509E-01
 -2.4115726529696273E+00  3.4358026942787534E+00  4.7112391215420235E+00 -1.0191836772360989E+00  3.7591369751200396E+00 -9.1377884091798600E-01
 -1.1589153218149199E-01 -8.2621281229764709E-01 -7.4855196550659897E-01  5.2445266879186059E-01 -3.6832032872309250E-01  8.7822172707478899E-02
  4.0980542354837168E-01  4.1730685615364149E-01  5.9185893807181800E-01 -1.5751878889277451E+00  5.0365214073752735E+00  1.6023499306442825E+00
  2.0244344984360798E+00  5.1552654585588953E-01 -2.0533628756710058E+00  2.6646217100359076E-01 -2.4750342461812189E+00 -6.5396864009060296E-01
 -1.2256524925596277E+00  8.8726866544342764E-01  1.0509118755915683E+01 -1.1365358397586192E+00 -4.3722140800335909E+00 -4.7600636807556436E+00
  8.9421358618790610E+00 -9.5462518105763294E+00  1.9887648540217504E-01
ORDER     3 BLOCK     2
  1.7147303158348053E+00  5.1965885907615581E+00 -2.3175147118453872E+01 -5.5561979169712412E+00  4.9041978689455279E+00 -4.0303147169314091E+00
 -8.7537135031665372E+00 -2.6548750595564345E+00  7.6982715604738772E+00  1.8370627607039367E+01 -6.5669989253816133E-02 -2.2070668911743899E-01
  2.7906978851888830E+01  5.9719774466211617E-01 -4.7474655300383077E+01  1.3346781807834542E+00 -1.3313958080384685E+00 -2.9364663673911564E+00
  1.0628166478787882E+01  1.2548896502302856E-01 -2.4792322189869296E+01 -2.0835414313140941E+01  2.8143124476436576E+01  2.0240774769709748E+01
 -1.6724476450774459E+00 -5.5683726229893482E-01  7.5077040499519274E+00  3.5960071267981575E+00 -3.9467372288025025E+01  3.7866324187329759E+01
  6.6348873524297787E+00 -5.4116693214688389E+01  4.2193308283173474E+00  1.0238659117213513E+00  1.3318869810359843E+01 -9.9825749769278815E-01
  1.1050103453222380E+00 -2.8379182183304225E-01 -3.6569397223650568E-01  4.0452934236795626E+00 -6.2287032964482538E+00 -8.0427545771329036E+00
 -3.2694376643039526E+01  8.9112873794005125E+00  9.0047966745715663E-02  1.3511609511436800E+00  2.8186873134405666E+01  4.2273494817536514E+00
  4.0068165664218034E+00  1.5915890363432148E+00  4.0560037337348582E+00 -2.3432214174006889E+00 -7.0964334125903483E-01  1.9575703145306007E+00
 -1.2626359940872465E+01
ORDER     3 BLOCK     3
  2.2410383867909083E+01  3.9320275299921065E-01 -5.9126380585968494E+00  6.7498247820735080E-01  8.2124260036071099E+00  1.2551060863166029E+01
  1.5561565158695465E+00  6.3898843351412982E+00 -1.5292148819694692E+01  1.1318621458077338E+01  3.0668339764145069E+00 -7.1917981001525142E+00
 -1.6517556373669717E+00  2.8400893449628772E+00  9.2913601729669126E-01 -1.6315181391488771E+00 -1.3396685671960067E+00 -1.0556118638869580E+00
  3.4239592483030297E+00 -1.4140357615149681E+00  5.1081612788741837E-01 -3.4885865864616203E+00  2.7426653079366831E-01  4.5706747193995922E-01
  3.5230167654659470E-03  1.0988766155655357E-02  8.0810344746725424E-02  2.3594320559338793E+00 -2.2189754171834370E+00  2.0222432563389128E+00
  4.0205779555476395E+00 -1.2477306258468552E+00 -1.8244648457923858E+00 -1.2131597401644723E+00 -4.5038811884204655E-01  5.2749438952829875E-01
 -4.5392120083546574E+00  2.5540847653286763E-01  3.0364320487826637E+00  2.1598605686973853E+00 -5.4956934912098125E+00 -1.5785493289937436E+00
 -3.5955864537862828E-02 -6.9327573021768896E-01 -3.8342766720408117E-01  5.6197373752852420E-01  3.9286079849602480E+00 -8.1863753598955586E+00
  3.9632344001818347E+00 -1.6957761173278590E-01 -2.9803791842889904E+00  4.3912131549385034E+00  5.9337534328056041E+00 -3.1756515177917644E-01
  8.9228637134932818E+00 -1.4124189004755805E+00 -4.8137460695678094E+00 -5.8512755613091745E+00  1.1861420521173473E+01 -8.3704315961169424E+00
 -6.5763551636212076E+00  6.8870255120347048E+00  9.1070759977474438E+00 -5.2543142056520526E+00 -6.4073986172821877E+00  1.5249752596489422E+01
  8.1749484104020436E+00 -5.0718060159727800E+00 -2.1146043182312898E+01 -2.1763452508570436E+00  6.8228712056257490E-01 -3.0262103400456647E-01
  2.9576821677881782E-01 -2.8126674237111393E+00  1.8841158213956049E+00 -1.1769230354886289E+00 -7.7448503681285015E+00 -4.0089773536398434E+00
  1.8489940667170168E+00  2.3666309414615285E+00  2.2441971833013401E+00 -1.1394649084223671E+00  2.6709947833363668E+00  7.0532213281756506E-01
 -1.3589161231899297E+01 -1.8322123271844571E+01  1.1498162498465270E+01  1.9182001420261308E+01  4.0718840465218831E+00 -2.1132966275987650E+00
  1.4060230047699747E+00  2.6400056349275016E+00 -1.8568337473012877E+00  1.3810280733094359E+01  6.1526279308689489E+00 -1.3408411214574059E-01
  5.7604951515378887E-02 -4.9563744485337102E-01  5.8484034083761127E+00 -6.1190203195693629E+00 -6.5620045800379223E-02 -1.2481135293136838E+01
  8.6908943344419782E+00  9.9815192624865712E-02  1.4748560398128152E+01 -1.0498921403420994E+01 -7.6903426453775037E-01 -9.1825543622385331E-01
  6.3845688907230080E-01  1.4887686816529302E+00  1.2981480389183764E-01 -3.4654356623097629E+00 -2.2111651683630143E+01  1.5618535229302651E+01
 -5.9121907721814253E+00 -2.1098444851017575E+01  1.0397455405126701E+01 -5.1668716564768657E-01 -3.8019402026141056E+00 -8.6909482704812682E+00
 -8.1467996892288195E+00  1.1921365643696147E+00 -2.3250091848780393E+01 -1.8725464861038665E+00 -1.4252898292203261E+01  2.5242895965915464E+00
  3.0586023507464713E+01 -2.8146225086887688E+00 -7.5285263652352530E+00  1.2057947813428642E+00  4.3537590219490800E+00  1.8129065070170471E+00
  2.0219849162387011E+00 -1.9609814852728003E+00  2.3422480078930503E+00 -7.4156972967701638E+00 -2.0956845519253418E+00 -6.7889215781593002E+00
  8.3694129444587304E+00 -1.1270253795682823E+01  1.6929034271369261E+00  1.2452268923320053E-01  1.3048299757569695E+00 -1.2732111330870186E+01
 -1.4686380674194412E+01 -1.5009194757358614E+01  3.6003944880296928E+00  1.3242245900832536E+01  2.5823105287518580E+00  2.7060899228118429E+00
 -2.8554590899396444E+00 -9.5313333349947662E+00 -9.0373135577528121E+00  5.5999779481419001E+00 -1.5262873988059418E+00 -7.2254813121539951E-01
 -5.9075068517241034E+00  2.5234929627474529E+00  1.4198712465859856E+01 -2.5016970034204666E+00  2.4018936801132579E-01 -3.3450699393566104E-02
 -1.0462973819677730E+01  2.5813376764412004E+00  1.8311755820287712E-01  2.9924027312857784E+00  2.0533684192520028E+00 -1.0187196425194709E+00
  3.0359640336474221E+00 -1.5490895221254267E-01  6.8820259034597129E+00 -2.6263530452722179E+00  6.4283597207584515E+00 -1.4008798934933335E+01
  3.5883811711501856E+00 -1.2813054260152539E+00  5.6572133613556197E-01 -7.3034032025991680E-01 -1.5318817296166289E+00  5.0698004650974937E+00
  8.6944192788574626E-02 -8.0032798047254672E-01 -3.1176667031240171E+00  5.4697010955535399E+00 -2.5695589526607807E+00  2.8886184736660127E+01
 -3.1494581575435441E+00 -8.4742804374326697E-01 -4.1539263225892895E-02  4.2169966086056293E-01 -7.4542885696511112E+00 -5.1774805926467034E+00
 -1.3013679665548532E+00  9.0510010455902312E-01  1.0443622742263288E+00 -4.1874760489918561E+00 -8.8030636140019047E-01  1.2705554301362765E-01
 -2.4408925171508120E-01  3.0569296020749066E+00 -1.2334229962136578E-01 -1.7691599493736607E+00 -1.1254729272471517E+01 -1.8247666292462430E+00
  1.1413873348752386E+01  1.4261525675480247E+01  2.5329402989521341E+00  1.8236258625455658E+01 -4.2266753474996982E-01 -3.9133200376469253E+00
 -1.1121987403409201E+00  2.5843373575484327E+00  6.1967674110926663E-01  4.4849302141340402E-01  4.9860085556208528E-01  6.1946959536770752E-01
 -3.9377927261883472E+00 -3.3056423393166751E-02 -6.5290456204680503E+00 -1.4099312029419687E+01 -5.0622457332852653E+00  5.0107583212067013E+00
 -7.8662292556176905E-01  5.8525316323378638E+00  1.0375259875175837E+00  5.4092768086834822E+00 -2.0357621690905922E-01 -2.9262384014242957E+00
  2.3526366517434787E+00 -5.3231653784638890E+00 -1.0833215287168241E+00 -1.3701475498542257E+00 -1.2533082449937694E+00  8.1549367652801508E-01
  3.3116000624362174E+00  1.6842509351477792E+00  1.0220230255667351E+01  1.5599723624575339E+00 -1.5173849745275603E-01 -5.7881026548013670E-01
  1.9650237315663288E+00 -3.3565683111196043E-01 -7.0074135554273571E+00 -3.2603328954381752E+00 -4.2353160670080818E+00  2.8196611267415093E+00
  1.5302213739091615E+00  5.0353211992046143E-01  1.2352276486432778E+01  1.0016638954643771E+00  1.6269491736111585E+00 -7.3667813995712039E-01
  1.6980200731702888E+00  1.5003380315347368E+00 -2.5486754080464863E+01  3.3780084514632347E+00  1.5277222512476936E+01  1.1099982516638145E+01
 -1.5730647069033223E+01  1.3148443949319695E+01  2.0855823236040139E+00
ORDER     4 BLOCK     1
  4.1385248571020146E+00  8.6747892870292223E+00  1.1359421289224610E+01 -7.3824497129682298E-01 -2.0808264971129387E-01 -5.2438980917591573E+00
 -7.6793670296903329E+00 -1.4061131299386036E+00  3.4824792115884584E+00 -7.2651012048455410E+00  8.4792237925466729E+00  5.1968780881280656E+00
 -4.7001205287157832E+00  6.5018033198328951E+00  2.5858196813105585E+00 -4.2950328055137641E+00 -1.9106277362973318E+00  1.1452905126213320E+00
 -3.8560219778708120E+00 -3.6708316433436439E-01  3.8092258197837805E+00  1.4147833137960055E+00 -1.0365043632175287E-01 -3.4753418466217019E+00
  5.0409947746253925E-01 -6.2220403365792043E-01 -8.6868646173972025E-02 -1.0321386456876773E+00 -1.8734899792173725E+00 -1.8109931279404847E+00
  6.5584641275619973E+00  2.7923461845915729E+00  1.4894798780487450E+00 -1.1952250483425693E+00 -1.1399605434006264E+00 -6.6606782962725553E-01
  1.6230618989067172E-01  9.1950739541753701E-01 -3.1702581532648155E+00  3.5842087078792190E-01  1.9113701562353340E+00  7.3593403580864858E-01
  2.1034194862376401E-01 -4.3660853561739943E-01  1.0317739655969986E+00 -7.5042911609941099E-01 -5.9112653014167877E+00  2.3667979942139983E+00
 -7.4652716032690378E+00  8.0522648732513726E+00  3.8771048554313352E+00  2.6934149973891577E+00 -5.8731668761914477E+00 -1.7541804432842043E+00
 -2.9013026855224417E+00  3.1902952075754758E+00 -5.6201910545225242E-01  7.4041494785988595E+00 -4.2725611960896934E+00  8.2067518241314530E-01
 -2.7356519647047333E+00 -7.5886576907578043E+00 -4.4708242252592640E+00 -1.1768855910176431E+01  1.6982534651149446E+00  3.1415483620308677E+00
  7.1198613134069983E+00 -6.1849190468894299E+00 -4.3052664756096098E-01 -5.0687645697980415E+00  3.8015406535522844E+00  1.3523775918839815E+00
  3.9138736490236985E+00  4.1561213970298783E-01 -3.1853295873185794E+00  5.9463229571547427E-01  2.0898688255535012E+00  2.8003594122726900E+00
 -6.2450509300439638E-01 -5.9179428634492159E-01  9.6102390860306686E-01  2.4404602871415526E-01 -2.7222534978371096E+00  6.0648832202624592E-01
  4.2088485560516418E+00  2.1043095037323574E+00  6.0998631998699615E-01 -7.2515603979716547E-01  3.1108983789659095E-01 -2.0371856125033210E+00
 -3.1384302668872849E-01  1.9315653129415871E+01  2.2765035383860691E-01  1.9455018589146900E+00 -2.8456986270223187E+01  4.1901281300972572E-02
 -7.3400122855978045E-01  7.7745816970539983E-01 -1.2147412339409150E-01  3.2103062820248013E-01  1.2196633653301787E+00 -1.2539016195249981E+00
  9.1911149344919951E-01 -2.7513848919097955E-01  1.1538573235675837E+00 -2.1354269098903784E+00  2.4354176981967984E-01  1.9334943447682457E-01
  4.9701619459654491E-02  4.9434281569561889E-01  8.4091759543733502E-01  1.3750539652216922E+00 -1.5072301346106864E+00  3.6896128016385588E-01
  2.4588923619953604E+00  5.3241922507932171E-01 -7.7279977473269701E-02 -6.1180007482007239E+00  2.5953238553094021E-01  4.8386368305168875E-01
 -1.6688102255270912E-02 -4.4346760823604064E-01 -1.4197626101554300E-01  7.0243544871220220E-01  1.4188627208304760E+00  4.0520376730927312E+00
  1.2214460467477227E+01  3.8317142101134736E+00  6.2697246136258915E+00 -2.2054716885076880E-01 -6.2710401457934806E-01 -2.2067217451639004E-01
 -9.8712215643469603E-01 -3.2210202995184258E+00 -1.4952329137932473E+01 -4.7374668771788455E+00  6.7787179974509355E+00  2.1090507889834303E+01
 -8.8668002547468205E+00 -1.8356824900439111E+01  6.8262075516063021E+00  1.1456074028113763E+00 -6.3439694955997696E+00 -1.4134695984168351E+00
 -1.7215804211035127E+01  8.3481792067885365E+00  2.0197159819582557E+00  1.3931622696629480E+01 -2.0611085839542267E+00  3.4940892752134909E+00
  2.1454573987178911E+00  2.8591894987846147E+00  9.2736801655384298E+00  8.4095977408449176E+00  1.0224314985892964E+00 -6.6041928611913949E+00
 -7.0870011979774628E+00 -4.0499080140718213E+00  4.4057528810380715E+00  2.0643484419636575E+00  1.8976877532391707E-02 -4.0734101997602474E+00
  1.1234896376483128E+01 -1.1571559903799335E+01 -9.2924021254514759E+00  1.0382598662478143E+01  2.4654907137288218E-01  1.7226752285209646E+00
 -4.5255885553221793E+00 -3.7722533491888993E-01 -1.6581655186638724E+01 -5.0672958371518932E+00  6.5719981521249347E+00  2.6848032508557758E+00
  1.4652962123449620E+00 -4.1142762512015790E-01 -1.2937783025279417E+00 -7.2234026371740601E-01  7.7729863793352685E+00 -1.2952937367168504E+00
  2.5004865073613092E-01 -7.1421641935832714E+00  5.5808165614962679E-01 -1.1286313231642320E+00  3.8653953602599826E+00 -7.7635441633862345E-01
  1.4967734927918988E-01 -4.4354522348347256E+00 -5.9712873541058697E-01  5.7588710495956841E-01  3.8023024209113290E+00  1.1525006121639624E+01
 -5.2053544836825716E-01 -6.6101954094835440E+00  3.1603270690572682E+01  1.6777272652540949E+00 -2.3146462452992238E+00 -1.3348344837076236E+00
  2.8605405525559813E+00 -4.0837878659478948E+00  7.6334161770895337E+00 -3.4436316156348123E+00 -5.0587077137833580E-01 -9.2013419528623110E+00
 -1.0053803123691045E+00 -1.4964055769023417E+00  2.1631880868677631E+00  2.8015683016180493E+00  3.6941391431828166E+00  8.0305346749791209E+00
  2.1661989760722911E+00 -2.8883907550671744E+00 -3.4168220001832661E+00 -4.5169981091702704E-01 -4.0920858043624282E+00  7.5513171401256529E-01
  4.0096766682882992E+00  3.8536012936189973E-01 -8.8729536208501092E-01 -3.4319739358030765E+00  9.2303136031002442E-01  2.4517511931078007E+00
  2.2730467352237493E+00  6.9847489149776285E+00 -2.6552821387735874E+00 -8.6831208696348661E+00 -9.5600414620231089E-01 -3.5886572207577454E+00
  7.6267747673282829E+00 -3.6201277172521118E-01 -1.0463725064173238E+01  1.4501686601732242E-01 -2.5128028716769726E+00 -7.8691033816359945E-01
  1.1208035351509134E+00 -1.9023371433749253E-01  8.4390120409626679E+00 -1.7953811217037399E+00 -3.6425984148611884E-01 -9.5085153419064063E+00
  9.7227087732280582E-01  1.9292822933235545E+00 -7.1311305648713061E-02 -1.7085871350881898E+00 -3.9790622104780848E-01  2.0176776742202187E+00
  2.0648320084723032E-01  4.6588670533784020E+00 -6.2131309407521829E-01 -6.0772921610704742E+00 -2.2568123867315668E+00  1.9362784006853814E-01
  4.9663543328834212E+00  3.6806567416177455E-01 -1.2997569616126795E-01  2.1161033571993650E+00  2.5901156515063950E+00 -1.0957004368884854E-01
  4.6648552033174800E-01  1.8141933442730182E-01 -5.0622690331634015E+00 -5.0042134745722933E-01  3.1766980582002815E+00 -3.3266303696145227E+00
  4.5534137784650203E-01 -6.7372576070229440E-01  1.0054058070588239E+00 -4.5430414944406428E+00  5.3513071324859052E+00  7.8089105862410850E+00
  3.4425175401189652E+00 -3.8101166228932897E+00 -6.3232016970766516E+00  1.7624302557927376E+00 -5.7778389366491165E+00 -1.9848867870196254E+00
  2.1381931694352896E+00 -2.6498174072061897E+00 -1.9901898337806632E+00 -6.0115931955748430E+00 -1.5322978305920579E-01  1.0594801501062237E-01
  5.2344413080134782E+00 -1.6330496634902938E-01 -9.4702940018357911E+00  8.1359538802790343E+00  7.1508040592594302E+00  2.0074588973042768E+00
 -3.6633785895966559E-01  1.1781124433148404E-01 -7.8282972293467408E+00  1.0677901275214060E+01 -8.3622620350564851E+00  4.5787846207358500E+00
 -3.4980917018945329E-01  7.1040072274478483E+00 -4.2936924810037684E+00 -1.4443587152576981E+01 -4.2978277332153754E+00 -2.2024512120639081E+00
  6.9965632708164582E+00 -1.1265602412885009E+01  7.0510074448379179E-01 -8.0721177982572065E+00  5.8829535513624327E+00 -2.7121523192332986E+00
  7.1040912722377225E-01 -2.8256639966060670E+00  1.9451475663851983E+00 -9.1330625640242935E-01  2.8894916065491070E+00  2.2263993588574080E+00
  1.4948358589175759E+00 -1.3988241270853066E+00 -1.3729709618350321E+00 -1.5344656700528818E+00  1.1053194344121779E+00 -5.3189968983155658E-02
 -6.8845329647514220E+00 -5.9443960474046986E-01  7.4957428764737621E-01  1.1009884388447590E+01  4.1439399511880903E-01 -2.3038822579014510E-02
  2.0235491276556350E-01  1.7604378728080478E-01 -6.4675271538205592E-01  1.5765142893173378E+00 -7.5276791567959012E-01  1.9309111607151210E+00
 -1.3302259624823194E+00  5.0989390803904899E-01 -1.8414794225577380E-01  1.8439276453553519E-01 -1.0122904807071124E-01 -7.9569383439023724E+00
  3.3822498828513925E-01  2.6817286256217936E+00  3.4605310043081952E+00  2.0763815939537345E-01 -2.0920944090327582E+00 -3.9138767765455701E-01
 -8.5521633784639284E-01 -6.7775001785135580E-01 -6.7803310700156449E-01 -6.0674283465488621E+00  2.0515041273772791E+01  5.7490928992265045E-01
  1.3874796115593016E+01 -2.9298310771916121E+01 -4.5376718801346605E-01 -6.4452532892140546E-01 -1.4970007718573924E-01 -5.0306081123362978E-01
 -1.6731918155848744E+00  2.2802864519064610E+00 -2.9039212444139713E+00  6.2668188648075507E-01  4.4533192873694531E+00  6.3569992822148267E+00
 -6.2155947681097357E-01 -7.1704659700717022E+00  3.8477328456632703E-01  2.1038495769703083E-01 -1.6759158044635031E-01 -1.4924595853683547E+00
 -2.7863586176521616E-02  6.0355596184913196E-01 -1.1707228190614170E+01  2.0113503952906591E+00 -6.0109718095250075E-01  9.9501353735495108E+00
 -8.3901753745657945E+00 -2.5742103401713763E+01  1.4221652220094068E+00 -5.3104310171880387E-01 -4.1550704911919345E+00 -9.9835481751487638E+00
  1.7416465920013795E+01  2.4014035122602477E+00  4.9327636976795919E+00 -1.3603595647376345E+00 -1.1765918847276720E+00 -1.1708228872916564E+00
  3.8306811631730904E+00  9.5612896609814002E-01  9.3329683368214122E-01  2.2448733169946437E-02 -1.3641553469478818E-01 -3.8305616907008528E+00
  7.9568206577623105E-02  9.9176193418505125E+00 -2.9057675696582819E-01  3.5325712566098999E-01  3.3765381793828997E-01 -1.0276669068118697E+01
  7.3993940970110250E+00  1.6516842784960311E+01 -5.3163435090943389E+00 -2.5788254637736557E-01 -1.4650961972936258E+00  1.1612878664508355E+00
  1.9568786720502940E+00  6.9192721974526279E+00  9.7876900150501607E-03  3.1897509569548338E-01 -1.0318510816969725E+01 -6.9056792059410746E-02
  3.3810333766376605E-01  2.3364010600872043E-01  4.8049910163679217E-02 -9.3695407118313778E-01  8.3513675084724426E-01 -3.4893694735589159E-01
 -4.3982250564806531E+00 -1.8697066566258748E+01 -2.9339947305235468E+00  2.2756563794598652E+01  2.7854631137170567E+00 -3.0897533796108503E+00
 -3.1063283018219403E+00 -3.1482574112149782E+00 -1.8630533667588500E-01  6.8600752962154377E-01  1.6869271655169356E+00 -1.2063847189376156E+00
 -4.9642754464142935E-01  1.9313677490300432E+01  3.1769451490661521E-01 -1.4952022925093759E+01 -3.0588423875200039E+00  3.4703153330318415E+00
 -8.1663559493445326E-01  1.4780757766810730E+00 -4.4404125450166667E+00  1.5853340404153547E+01  3.2889497718191678E+00 -8.8594849918474363E+00
 -2.0169542937797150E+01 -5.0217699276811389E+00  6.7016842470586022E+00 -1.7386741243884147E+00 -1.1320249212119029E+01  1.4161507908884403E+00
 -2.0316197139540342E+00  1.9586489555313552E+01 -1.1444015332224167E+00  7.9432691525030186E-01  4.3304313210894929E-01 -1.7999474318806588E-01
 -1.5715149438650593E+01 -1.3262403165041443E+00 -4.9699325013178558E-01  9.2869841634970758E+00  6.9923848864607729E-01  3.6903727178048651E-01
  2.1416976727232670E-01 -1.1013906071786148E+00  5.7215684035273634E-02 -2.8846679887468345E+00  5.9161068798145413E+00 -1.1604844049485541E+01
  6.2063656951696426E+00 -4.4661778603674502E+00  8.5542336276486388E+00 -1.1833993301781964E+00 -2.2629000013667273E+00  3.2011819625698505E+00
  7.9906640002394136E-01  1.1027864834285662E+01  9.3193442775370414E+00 -3.5111275625324906E-01 -1.4158996813661171E+01 -1.1758674533616581E+01
  4.3903015617471619E-01 -2.8803638168125461E+00 -2.5053047426642294E-01  7.9030450786752124E-02  1.1666194311100608E+00 -8.3211064983032157E-02
  2.7366535577458326E+00 -1.0072905746353928E+00  4.6606308522478868E+00 -8.6540874205082954E+00  5.0198319089571830E-01 -4.1788478824437645E+00
  1.0822664925155798E+00 -3.6470784953676456E-02  4.6991144085016584E-01  2.3669962398748994E+00 -1.1991427483094431E-01 -1.1804571012178362E+00
 -7.5031559389830642E+00 -2.2591864253687421E+00  3.4260001839831951E+00  1.0978688060215203E+00  2.3160950253305939E+00 -2.4744573478228178E+00
 -1.2210422501061192E-01 -7.5505262127349770E-01  6.6235638873322705E-02  2.5127414137428659E+00  8.5459849816239086E-01 -1.6450022907598705E-01
 -6.1488061414397146E+00 -1.0941808244824456E+00  2.9521159512033281E+00 -2.9722855425936345E+01  8.1301501218668148E-01 -2.0302127405966788E+00
 -1.5536025081375564E+00 -1.5779290876286747E-01  1.3219841535023300E-01  1.2055776274391643E+01  4.1443788255427200E-01 -4.4435459998744431E-01
  6.6074769101045705E+00  8.0082831080379790E-01  1.7405681103134600E+00 -1.8777880852499447E+01 -4.8100478494789212E-01 -1.4255958970590124E+00
 -3.8213713405371008E-01  6.6105624357923476E-01 -4.9107201221599633E-01  3.3170001492596430E+00  4.4093374431830046E-01 -6.2839326147285501E-01
 -5.5118481295793327E+00 -9.8263044799213328E-01  6.0617504116438132E+00 -4.1530723950098192E-01  2.1688290987770306E-01 -4.9330776440577147E+00
  1.1719799029402616E+01  1.6905155897590340E+00  6.9294299465085318E-01  2.9922176544757804E+00 -2.2707931945653752E+00 -1.0696521150357503E+00
  5.1778922955308104E-01 -1.2617338288389430E+00  5.4762293962559584E-02 -2.2616399175624555E+00 -6.5069581698002843E-01 -6.9718727319664298E-01
 -9.1984767368243965E+00  7.0188305733803724E-01  9.8785283317676753E-01  3.6053895760304805E-01  3.8238343408767288E+00  1.1453815097586828E-01
  9.6543268964728679E-01 -5.9025965205492115E-01  3.7659185289528152E-01 -9.0533568650253504E-01  1.7509597429318593E+01  2.2725383873448593E-01
 -1.2844001519431256E+01  2.3842303467014792E+00 -9.7852129996982402E+00  5.7856935855224545E-01 -1.4650629045774410E+01 -3.2197140100417836E+00
  1.2604489976309505E+01  1.0682537166375891E+01 -4.5758874101186436E-01 -6.1325312964873042E+00  1.3049238456464805E+01 -4.1685399743238207E+00
 -1.1974078027702797E+00 -2.2246015607220112E+01  3.6401576385865919E+00  8.0747449557078688E-01 -1.3031088929348550E-01  3.6639301084223169E-01
  1.5082188427429259E+00 -1.6771146025849919E+00 -4.7625167041585010E+00  1.2433658635557998E+00  7.1807995529200730E-01  6.1782763835861665E-01
 -6.7949897945145443E-01 -5.0673964298711640E+00  3.8682701078891921E+00  3.0981283473988417E+00  1.5406520116870595E+00  7.8801665440011059E-01
 -2.9690620041072854E-03 -8.7719399892445349E+00  5.1675069215987888E+00 -4.8362247366720523E-01  1.2465477120864666E+01 -6.8418876751551450E+00
  3.4422742455481764E-01  8.6788925989563426E-01  2.3659023099157717E-01  1.7955068038353114E-01 -2.4282500880315361E-01 -1.5203283252085782E+00
  5.0761998617209603E-01 -8.6037442143025409E+00  8.9408335577869247E-01  1.4052874481008493E+00  1.0139293270610841E+01 -9.1640755270280927E-01
 -1.0803795822518689E+00  3.4023851015694795E-01 -2.4436350636022405E-01  4.1395767418562784E-01  5.4900069228437809E-01 -2.2500460002831149E-01
 -6.2692310686420061E-02  3.0722486608660611E+00  1.5812787451599883E+00 -5.3950250851217190E+00 -7.6054525338344992E-01 -7.3576410024984584E-01
  7.0260869888847843E-01  1.7114175956463479E-01  2.7855991709459665E-01  4.8335106517176412E+00 -8.5124309219126948E-01 -9.4754501907789043E-02
 -2.3132095446604200E+01  6.2387544023783803E-01  1.5093798168691736E-01 -2.4071591065627777E-02 -2.4021368706082957E-01 -8.1766086281347850E-02
  6.7416689543744202E+00 -1.4777166684919704E-01 -2.6106627612671848E-02 -4.1011249879793071E-01  1.2584724907765235E-01  7.7801449632112085E-01
 -9.6093801203738638E-01  5.6805629763490995E-01 -1.5728395608914678E+01  3.5323770061405888E+00  2.9302017312889397E+01 -3.0095796455333876E+00
  1.2654579503719279E-01 -6.6069815126044307E-01 -3.7158128945595190E+00 -1.8747374935598451E+00  7.3626800654207653E-02 -2.6132906400104644E-01
 -2.0002047883659474E-01 -1.5209851349098633E+00  2.2772564008340055E+00  2.1659441546900933E+00  4.4798155022907094E-01  2.5471620308309237E+00
  2.0024984611219137E+00 -6.6962856672548532E-02  1.1909719974631168E+00  1.5502727045409290E+00  2.5639595117052538E+00 -2.0298359430596098E+00
  4.2330956635240060E+00 -1.2819036449871200E+00  7.6915221500111686E-01  1.6502027507227429E-01  4.3184099060031373E+00 -2.7924916120558407E+00
 -9.6571410512607614E-01 -3.0156383967503673E+00  2.0747223711951865E+00 -1.2755666071439051E-01  3.5704547655719931E-01  1.0765643036302371E-02
 -8.0669510228718755E-01 -2.0645566225250778E+00  3.7476467704148159E-01  3.5607918997453947E-01  2.0523907528380253E-01  4.1053618125472804E+00
 -8.3497754920008693E-01  4.9258928768631156E+00 -2.3516428876002586E+00  5.6127058337990954E-01  8.3298438725917978E-01 -1.0126373974827468E+01
  3.0975400187554460E+00  1.4476414178044770E+00  8.3025384133002200E-01  1.7857217315354679E+00 -1.2291279511686051E+00 -7.8794074140478398E-01
 -6.6415023711405441E-01  4.8936313348717270E-01  5.3354434925426492E-02 -2.1112379599190683E+00 -1.4437621423432676E-01 -1.9204060238388154E-01
  1.7384462740277047E+00 -2.5309434433865445E+00  4.9923086333352895E+00  1.4284580228638599E+00  1.7608002381428152E+00 -3.6826646484251246E+00
  7.1679221543825805E-02 -2.7117979890490385E-01 -3.6641312709662011E-01 -1.0605569608295389E+00  8.1991038698238516E-01 -7.6137188406583800E-01
 -8.3483573754605567E-01  4.0083587917311270E-01 -9.0247723987682738E-01 -2.5494389910039972E-01  2.5466765858518192E-01  3.0585583980030612E-01
  4.8563758947618207E-01 -1.7317216371954655E-01  7.1184067866537215E-01 -1.5873093843996093E+00 -3.7996004337657099E+00 -2.9322536786522990E+00
  1.4361320117495124E+00  2.8535220311647218E+00 -1.5815587943728291E+00  3.2442848103371523E-02  3.4206221942707789E-02  6.5664301990102381E-01
  1.8697456266751900E-01  4.7862580554281570E-01 -2.0590075784401679E-01 -2.4635639068642920E-01 -4.0950911132199536E-01  1.8696406252148529E-01
  9.5717372509028217E-02 -1.8937169489486438E-01 -1.9658308778151843E+00  1.0621015851621172E+00  1.4099662550712058E+00 -9.0688931841417530E-01
  1.9191870231010638E-01 -6.7888809319604018E-02  4.9496417168369317E-01  5.6482195582618022E-01 -2.7255428394042380E-01  3.3719287253947527E-01
  3.1526832359212276E-01  1.9534300002219720E+00 -1.9961143566269222E+01  1.7178629282979117E+01 -5.3463655817967357E+00 -1.1995591305485693E+00
  2.1573298041796956E+01 -3.2868749507557823E+01  1.5866529623881151E-01 -3.6356805329786344E+00 -1.1051458442588453E+01  1.3792320017885260E+00
  2.2995903978188199E+01 -4.0090663412295446E-01 -3.9616446481159366E+00 -2.2120212270193984E-01  7.6921545411731014E+00  1.5660284803006569E-01
 -3.9068582826341830E-01 -1.3209760662958219E-02 -9.0480667295673145E-01 -1.7745636710732120E+00  3.1233700117675411E+00  1.2047805209101796E+00
  1.2108489397635125E+00  3.2407584977807935E-02 -3.3976323400851799E-02  5.6692671794170625E-02  4.2783808749855741E+00  5.4008478788844254E+00
  3.0154747178394592E+00 -4.9500601710286078E+00 -7.9515339081039960E+00 -2.2746843319744978E+00 -2.0130733478243048E+00 -1.1708852023271130E+00
 -4.0091731731361553E-02 -4.9637417715565707E-01  4.3252189122096435E-01 -1.1278204247496635E+00 -2.2813010902613100E+00  3.7852127242688711E+00
  2.4918710136127218E+00  2.7592539436931213E-02  2.5018219483405563E-01 -6.7002221228475400E-01  4.2374032149922392E-01 -1.0510924467247609E+01
 -1.2730343626677254E-01 -1.6612921324481334E+01  1.1904731697784403E-01 -4.5328704635267797E-01 -1.7575753815979894E-01  1.0255691533247177E+01
  1.5105692194754033E-01 -4.6535065596326710E+00 -5.8285173738511835E+00  3.0013856296004264E+00 -4.5199720908390457E+00 -1.2488559709501490E+00
 -2.3963381772650099E+00  9.2650706402144789E-02  8.9162177866762907E-02 -1.0448779256123360E-01  3.4970302270884615E+00  2.7396143469172825E+00
 -5.0131371295986960E-01 -2.8029259174363945E+00  1.1576071664352990E-02 -5.8651534539033756E+00  3.8880430339243280E-02  2.3997114376903306E+00
 -6.2250272360871543E-03  3.5404005675232613E+00 -2.5167170141525280E-01  3.9150352167993080E-01  2.2210253643227859E-01 -9.2201682275864327E-01
 -9.3849250258113137E-01  2.9423998975015137E-01 -2.1843070608378596E+00  5.7968376771296599E+00  5.4944763467294617E+00  1.7822006270974895E+00
  8.7023339861539983E-02  1.7306672059163430E-02  2.4354269515754629E-01 -1.5821401465128093E+00 -1.9616976428207764E+00  4.4991573572883248E-01
 -2.9620972210614171E-02  1.6689297044242021E-01 -6.8517431314679592E-02 -9.3434246400286219E-02  6.0320623557587466E-02 -9.7125520864280696E-02
 -7.1930838328804347E-01  1.5158078979454825E+01  3.0516941047321016E+00  4.1884117863430603E+00 -3.8574206546121634E+00 -6.2527942948455317E+00
 -2.2690372586989248E+01  1.1255644177176299E+01  1.4161165442359781E+01 -7.5116722409896761E+00  7.4328702113649108E+00 -6.8763472891072892E+00
  5.7627338265195629E+00  1.8890175640398311E+01 -1.1759864620159535E+01 -1.2289625846240684E+01 -1.6388382756697457E+00 -2.1442458759544434E+00
 -3.5786432368178867E+00 -2.5989088288389914E+00 -7.2984802278978522E+00 -1.2130099983127250E+01  3.5578809818674328E-01  5.1062371076737287E+00
  1.7882514762644377E+00  6.8322907109765705E+00  2.1172718190960571E-01 -2.0999193209083216E+00  1.9207782068484338E+01  5.7670627229096336E+00
 -9.1354828600453271E+00 -2.3666529576265689E+00  9.7015274601858081E-01  3.1455224699640971E+00 -6.0750604363886351E-01 -4.8228551125881966E-03
  1.6260754147779692E+00 -4.0509707953222049E+00  3.7407709858092175E-01 -9.1201471425428216E-01  1.1672244724936080E+01  5.9831424986281583E+00
  1.2194843545094471E+00 -4.0765905828444406E+00 -2.7513441829083956E+00 -4.3412638130202651E-02 -6.3361434231463161E+00 -7.4809211951181176E-01
  2.0465658802246081E+00 -1.0404849602060655E+00 -7.7017825700632692E-01  5.9491433689704354E-01 -3.4686340599596510E-01  2.2352317526337120E-01
 -7.9470627541592140E+00
ORDER     4 BLOCK     2
  7.3209196317693159E+00 -7.5563003235399719E+00 -4.0903541469523264E-01  5.0971555068224532E+00 -2.6188319313733306E+00 -4.3315384190945156E+00
  2.1662869153038646E+00  2.2396351496228828E+00  9.8396633491351135E+00  1.3880366632933232E+00  3.8948705983359355E+00 -2.7541582329569039E+00
 -3.7570383094168953E+00  7.0404652394790670E+00 -6.5576080476637131E+00 -5.2185091113540931E+00  4.6703630735578718E+00  2.1566283996557463E+00
  2.0735508771446267E+00  5.7356705654055657E+00  2.3766232213052634E+00 -1.2581695851390557E+00 -4.6616525007545189E+00 -1.3024015365988171E+00
  9.4159082578585518E-01 -2.4674375892997721E-01 -1.3946307469798709E+00 -3.7714817954063811E+01 -5.2486455355389801E+00  3.5346616959100280E-01
  4.9844630203723469E+01  5.6803237718123167E+00 -3.7684496365527459E-01  1.7212003032061440E+00 -4.1983559432082673E-01 -1.5237298610419572E+00
 -2.4990526892514549E+00  1.4783002772406104E+00 -3.9770103521954607E+00 -3.8406180101866081E+00  2.5079264082547623E+00  9.4965974042920855E+00
  1.1906209125599800E+00 -2.3962464838257003E-01  2.6415836496306755E-01 -2.2442137679300624E+00  4.3137125347502394E+00  3.9167427993932826E+01
 -2.6315602396872375E+00 -1.5783185583732710E+01  3.8744115413620641E+01 -2.9627807863189418E+01 -2.2974605584992949E+00 -3.3615625240227622E+01
  6.4294368609895853E+00  5.3693574448810810E-01  3.6590502796768964E+00  3.1143781323383846E+00  4.6003985372594514E+00  4.3333884280435075E+00
 -7.6137096279490839E+00 -3.9439353473479155E-02  6.1511414028834244E+00 -7.1731005682999482E-01 -5.6455592820483655E+00 -1.6097799689618442E+00
 -7.6361100028683850E+00  3.4962207913338585E+00  2.2309384174954752E+00  6.4197220267531936E+00 -1.4546532677716371E+00 -6.7995227304359962E-01
  8.6850445674382337E-01 -1.9233484409069789E+01 -2.2870846231053679E+00  1.1058462134997922E+00  3.4472577358391135E+01  1.4277462924675757E-01
 -1.6389385685625185E-01 -7.8208329657122100E-02 -4.7510836018930760E-02  2.5069329536290845E+00 -1.0435456647552190E+01  7.4739980834166964E-01
 -1.6010746565423348E+00 -4.7692415260754224E+00  1.4077801212137464E+00 -1.0406260336029076E+00  2.0836154879656950E+00  1.6803772909516312E+00
  8.1449828637137689E-01  4.3497162549131749E+00 -1.6895556168459180E+01  1.7976370836629055E+01  1.3754923978414860E+01 -1.3870204298494318E+01
 -4.0269381514101728E+00  1.0175785811909916E+00  8.7051692600112329E-01 -2.4334774765286959E+00 -3.7556534679847320E+00 -1.6973554104317792E+00
 -5.4553841700131422E-01  2.8439563682157400E+00  6.9707884738617876E-01  1.0886381265146285E+00 -1.2223471307820655E+00 -5.5113797975582701E-01
  8.1223334587064022E-01  1.6099932990070536E+00 -2.9572497802708297E-01  7.3510824293439658E-01  3.4763208873181104E+00 -1.3768970739530591E+01
 -8.2861347541212940E+00  1.6559391579304037E+01 -8.3804592693456463E+00  5.7629654129190193E+00  4.9269804413075624E-01  7.0772441782283453E+00
  4.0804474797055761E+00  4.1464590168860266E-01 -1.3821026483096496E+01  7.5517518915257345E+00  1.0801101874649597E+00 -7.7463195130399418E+00
 -1.8970511657785469E+00  2.0199449896936792E+00 -2.6760957757793311E+00 -5.7323255496362320E+00 -1.0742950053785583E+00  1.4023733934745974E+00
 -5.0702658457655336E-01 -9.3492419125355877E+00 -7.7704883840119452E+00 -1.9798298669825876E+01 -9.3295197372242793E+00 -6.3890922113724224E+00
  1.5627683409243224E+01 -1.4545916565051446E+01 -3.7289408779776747E+00 -1.1429141532800347E+01  6.7216621136368229E+00 -6.0176864053491457E+00
 -1.6064856063222468E+01 -5.2715649629533612E+00  8.4719010597931685E+00  7.3196171663486052E+00 -7.1413392125141173E-01 -2.4804725012284465E-02
  4.1288510041587534E+00  4.0989988869487277E+00 -1.0784761955289142E+00 -3.5597948548548670E+00 -1.2257499685258135E+00  9.3760766423590158E-01
 -1.7536609814175730E+01  4.0045392886903972E+00  4.3515810808661939E+01 -2.0463269650479874E+00 -8.0421477613236192E-01 -9.1633449396021499E-02
 -1.0010894534908500E+01  9.0227174807985957E+00 -1.0503503556774303E+01 -4.1591278305669555E+00 -1.7648585690075174E+00 -5.9921191817496622E+00
  4.4712036119611662E+00  3.7481327463406067E+00 -2.4340717421398686E+01 -4.2273936535318759E+00 -4.9868062419032677E-01  2.7377539125554691E+01
  2.9846578409654900E+00  1.4638597706172822E+00  4.4248770374645564E-02 -1.3214343081583654E-01 -2.6729549131849097E+00  2.1584515752745803E+00
  5.6483993362827345E-01  5.4740545755469388E+00 -6.2958863599902823E+00 -3.0491509725034569E+00  5.0678222788743817E+01  4.8436633622531495E+00
  2.5684969554792838E+00  7.0449062019745867E-01 -2.4967190314589821E-01 -8.6139182952752935E-01 -1.8188433089310564E+01  5.4502351633418392E-02
  7.2872832448765662E-02  1.1112207630986743E+00 -4.2590787005643929E+00  2.6950906402649839E+01  3.5591288988082841E+00  7.2672573864520529E-01
  7.1093498111276276E-01 -8.3242141950576798E+00  2.4131152635502648E-01  9.1195100182838047E+00  1.0395263039276088E+01 -2.8249883787931118E+00
  3.1027109535070636E+01 -7.0711606257683188E+00  2.4600330347738431E+00 -6.9384663524090645E-02 -9.6932707973324372E-01  2.9822735094494970E+00
 -1.7952852606188408E+01 -9.8262550835139129E-01  5.3863646311541324E-01  2.8748941803576850E-01  7.6685841774004926E-01 -1.5071155539572973E+00
  2.2471395155826892E+00 -1.4933850522595071E+00  1.1105325312308416E+00 -1.1605581334436088E+00 -5.5846610240289586E+01 -9.6053015749248891E-02
 -2.5466241969750170E-01 -1.5382962427073523E+00  1.5904280366947695E+01  7.4897404466990625E-01  1.0062347274641938E+00 -4.0535909929837310E-01
 -5.2047317715987740E-01  1.7704960830522740E+00  3.3792957185859214E+00  3.5306467244486353E+00 -7.2139466120802886E-01 -3.1285242418558852E+00
 -7.2083343423149437E-01  1.7900440859207398E+00 -1.2579863036049139E+00 -9.6658492816007568E-01  1.8549445624518375E+00  8.7951418427979822E-01
 -2.4641356616975489E+00 -2.0503207420276719E+00 -4.2707120477407639E+00 -4.6518303940485678E-01  1.4160851666039603E+01  2.8816922400671957E-01
  7.5123501850431240E-01  5.5470721218654850E-01 -3.3116067545572703E+00  1.4825500061052273E-02 -4.8581776302744467E-01 -4.1528660048731647E-01
 -9.1889488222213794E-02  2.1029768780065827E-01 -4.4187263006853826E+01  5.1727401526758868E+01  1.3778439003245897E+01  3.5986695563613196E+01
 -6.1262143628761585E+00  6.7405084971626494E-01  6.2480469707501847E+00
ORDER     4 BLOCK     3
  2.4274513936625359E+00  1.6140714765255979E+00 -9.4531764693547977E+00 -7.5013805433823926E+00  2.4188279043646435E+01 -2.9829237640802191E+00
  4.5465123588489398E+00 -2.0289088178795645E+01 -1.5336172682364881E+00  7.7380482341140899E+00 -8.0108987692168885E+00 -3.5260691653291296E+00
  1.1806137495384990E+00 -1.0208695231785860E+01 -6.5312981857262260E+00  8.6564445842459303E+00  4.9348577122747361E+00  2.5552954792870852E+00
  1.4554868588784716E+01 -4.5642757243798959E+00 -1.5716021893327660E+01 -1.1304179636512508E+01  3.7425296272175763E+00  1.2478682736668906E+01
  1.9548944610531788E-01  1.1859104921847892E+00  9.4038446881498505E-01  2.5210567054799271E+00  9.9411812860516005E+00 -4.3056847521124908E+00
  7.3381513302165036E-01 -9.3033313404402449E+00  3.3174630365627222E+00  4.9791435473577081E+00 -3.6921942521831475E+00  1.0354506531537875E+00
 -9.3044007731389158E+00 -2.8294684169695898E+00  4.6951481603986274E+00  1.1866934677300433E+01 -2.2184085852380333E+00 -1.7247140389100949E+01
 -3.0729853943488128E-01  1.8427500488153477E+00  1.2397532231232309E+00 -1.0575342530806102E+00 -1.0947164898913353E+00 -3.7036638222099079E+00
  6.1772192962586958E+00 -2.7793874013116152E+01  7.3770611788194227E+00 -1.5587724396324607E+00 -3.8460097351515747E+00  1.2079248339631379E+01
  2.0872147531547132E+01  6.6179064823165978E+00 -5.0791913670451461E-01 -1.1889599590182423E+01 -7.0186412799331768E+00 -6.8372808227877133E+00
  7.4508525440729700E+00  1.8638796762345667E+01 -3.9008012617316523E+00  9.6828710444372810E+00 -1.0995555663754653E+01  3.9163331232162601E+00
 -7.2210968873251531E+00 -1.7423488913202835E+01 -3.3582998346180015E-01  1.5716135229846136E+01  1.2805281583611526E+01  2.2859787124132200E+00
 -1.2568363961194853E+01 -5.9383752533378797E-01  2.6673198281642003E+00  1.5871965920897870E+00 -4.9098276710064139E+00 -2.0762176448364040E+00
 -1.0224680454146486E+00  3.8016724834820237E+00 -4.1992759455807183E-01  2.2716099750693486E-01  3.9812635002812464E+00 -5.0636761232906835E+00
  8.9450754481874561E+00 -3.8314767444163160E+00  3.6972434282894908E+00 -6.8956248275400691E+00 -2.7625607824285414E-01 -1.1992262656050362E-01
 -9.3791807294345508E-01 -8.5862606271274338E+00  9.8942814234706553E+00  5.2310785527116295E+00  1.0595237147050327E+01 -7.9363991002511272E+00
 -4.4891888677726666E+00  3.8309750760437060E+00  4.5031967229815457E-02 -5.8967272921403935E-01  1.0767862105703156E+00  2.9592832773500817E+00
  3.5045820097942495E+00 -1.8930197905282731E+00 -4.2420360593109789E+00 -7.4171098873928152E+00  6.6184571634659117E-01  1.8391899971646377E+00
  3.0733640709550281E-01  1.4542420738535414E-01 -3.3745855497564285E+00  3.1984201569594379E+00  8.3780572127695816E+00  3.3249840368924599E+00
  1.6035360118227171E+01 -5.3574808951907089E+00 -1.7109486418241817E+00 -1.9553595685184060E+01 -1.5510136617233861E+00  7.3351777704279497E-01
 -2.1826989169306112E+00 -1.7734279045786705E+00 -3.6414676508430784E-02  4.4434854950614326E-02  1.0473645311520525E+00  5.2533252360922011E+00
 -7.8222610422239769E-01 -1.0196014337973644E+01  4.5371791484019237E+00  6.0019406755054074E+00 -2.1526208103813449E-01 -3.3774689683761889E+00
 -1.4720312259177146E+00  9.8092498127615393E+00  5.9208481338907193E+00 -4.3470576884900982E+00  1.9083180797327854E+00  2.1441954053530882E+01
  1.6689032409715132E+01 -1.4255889850009066E+01 -1.5132817223680231E+01  1.7030232813468238E+01 -8.6220632731673490E+00  1.1801776946761402E+01
  2.2179786071071923E+01  4.2239567137224867E+00 -9.6996199340546188E+00 -1.9189132575645125E+01 -5.9453343022388838E-01 -1.8825146267272463E+00
  6.6698504377457313E-01 -2.0693071580486935E+00 -5.2451781287996795E+00 -4.8414400196893261E+00  1.2403372845466023E+01  9.5735370493300103E+00
  4.1320171277833664E+00 -2.0521070272359328E+01  9.7220533344290794E-01 -3.5237443531513875E+00 -4.2716805628898520E+00  8.7009138353170403E+00
 -1.7606579284800947E+01  1.8680840892620498E+01  1.5161047669861313E+01 -1.8234433810788854E+01 -1.0318079359056437E+01  2.6024047717013521E+00
  5.3900605237020143E+00 -2.2861089954452667E+00 -2.5010087988069230E+00 -2.2525943662113965E+00  4.4999520267015409E+00  2.3405239044240695E+00
 -7.0954794140101196E+00  9.9165735916206676E-01  3.7489661873632887E+00  4.0520932484756189E+00 -6.2352178409861931E+00 -8.5639647988320888E+00
 -1.0466760161672235E+01  6.4559299983428220E+00  6.5416914398728023E+00  7.2298864090436670E+00 -2.9964220576989802E+00 -4.1968044265319943E-01
  9.5961091049064806E-01  1.6153474201806968E+00  1.3005057894805347E+00 -9.7002737434243913E-01  1.9675773351611408E+01 -7.1149534772512082E+00
  1.8840625861165021E+00  8.7230100911747179E+00  3.0803707019822091E+00  4.1847823226123033E+00  1.1740795486508832E+01 -2.3389916211268560E-01
  7.9199980829489064E-02 -1.6615609776681155E+00  2.0253806333937796E+01  2.3762054687545788E+00 -1.3924770419130461E+01  7.8012178552020552E+00
 -1.6785224646400490E+01  9.9467199724609756E+00  1.2983759978419989E+00 -1.0760200381533974E+01  1.8695402834653137E+01 -1.9962648697919551E+01
  2.0884215603485480E+01 -9.7786409573817537E+00  1.3612857999364167E+01 -1.2905527212037141E+01  1.1268475680135277E+01  7.7840054734913657E+00
 -1.4104617435372127E+01 -6.6733626566863098E+00 -7.3142694067543710E+00  1.1775135242707217E+01  2.5389449243516862E+00  1.3558270160397239E+00
 -8.3756499896855434E+00  1.8271540628075584E+01  8.5652421423889340E+00 -1.1838570656760556E+01 -4.5793491366566403E+00  2.0776579474174603E+00
  2.2355803538082601E+00 -3.2074826625140211E+00 -7.7657778330812999E-01  1.7548032561476492E+00 -9.9903660057906352E-01  1.9218674756438849E+00
 -2.9385361565945960E+00  5.9286897636524021E+00 -1.0728615396768436E+01  4.0458752908454887E+00 -4.0564159153044201E+00  1.2090904884962775E+01
 -3.7009162224028351E+00 -1.3969752972647100E+00  2.0985432122458211E-01 -3.7614835135356133E+00  4.4007311590922221E-01 -4.1701311940794374E+00
 -1.3932011177158590E+00 -1.2937082879165771E+01  4.2758722083443951E-01 -3.8551097471638074E+00  8.1448012747461878E+00 -3.2538514521973755E-01
  2.1970288680954009E+00  1.6052050923891061E+00  1.7090187317363031E-01 -3.4063234656022889E-01  1.4325939027569876E+00  7.4053202824943667E-02
  5.9174870260304202E-01  7.1772270117558463E+00 -2.0196565693591150E+01 -6.1948958691577332E+00  1.4722116114318453E+01  2.9062849930885140E+00
  2.3805994728462423E+00 -3.1870912239579918E-01  3.9887007122532174E+00  1.3328518671394246E+01  9.1218543686703093E+00  3.7033709768770091E+00
 -1.0664312704560800E+01 -4.9430914463208957E+00 -1.4373757070122068E+00 -7.2487818550723508E+00 -3.0306321967917764E+00  6.1146608951391945E-01
 -1.4525867508807691E+00 -1.8154381063385046E+00 -2.6881690314626456E+00  2.8300089479593726E+00 -1.0774487899112568E+00 -1.6312209410773673E-01
  4.2683871098147428E+00  2.5759142457962541E+00  1.3496780628340336E+01 -1.2707498977220334E+01  4.0360500326810440E+00 -3.2915117969092629E+00
 -2.7030381629617510E+00  9.2431680352633483E-01  1.4091938900041320E+01  1.9024002314833062E+01  7.4254380305671965E+00 -6.5978326092607915E+00
  7.2561628848718804E+00 -8.8466778581497767E+00  2.1918375560025915E+01  1.0831227986026335E+01  5.8043473004577262E-01  2.5190745800104906E+00
 -1.5270557530286569E+01 -2.1601296625473250E+01 -6.6326001874051519E+00 -1.0040096269431039E+01  1.0933890743430817E+01  1.0921118656515265E+01
 -8.5001934515480304E+00 -3.9481911441517368E+00 -8.3982040790369954E+00  7.8273305030264861E+00  4.1246663062125233E+00 -3.9141391609800653E+00
 -3.6925809014434119E+00 -8.2553145069055789E-01  3.3730799191727701E+00  3.1224719388457500E+00  5.9769212884754708E-01  6.7039345942954787E-01
 -5.8340088510422818E+00  3.9927696895837959E+00 -3.8685319539938270E+00  2.4267881952506434E+00 -3.2181745644362301E+00  3.8906744879101129E+00
 -1.3577666012545458E-01  3.8779879089076980E-01 -3.7357012871721880E+00  4.1695999044524559E+00 -4.5959402509646158E-01  1.1535549902807201E+00
 -3.8664847047746891E+00  6.2153281328635873E-02 -9.7041400235041084E-02  3.9782547202966106E-01 -1.9017290315912452E-01  1.1010280964283307E+01
 -1.8882410661665176E+01 -2.4178055877970488E+00  2.6101381588866941E+00  1.4275444127645791E+01  1.3641828593560135E+00  1.1182230017065562E+00
  2.2496633329559841E+00  1.4688653415033774E+00 -5.9992496200243943E+00 -3.5888322089685767E+00  2.2132949770415326E+01 -7.0306119039229320E-01
 -2.2658996926542518E+00 -3.2116028428099845E+01  8.9472753068073674E-01  1.5366905625496332E+00 -1.5621073900874354E+00 -1.0672938897805218E+00
  3.5841346482245235E+00 -1.3424961685538506E+00  5.1843622462640226E+00 -2.7338732798963270E+00 -4.2897571683720770E+00 -9.2375061265139209E+00
  2.1935465919106507E+00  4.2766160118782448E+00  4.5280518259223954E-02  1.8229000446094568E+00 -3.1800993436811964E-01  1.9733880137237398E+00
  1.9862889884383764E-01  3.1919888520365808E-01  4.4871210866445871E-01 -8.3589896675827280E+00 -1.3888410713555317E+01 -4.7299233181312319E+00
 -1.6073061023029189E+00  1.7479937138691938E+01  3.4981423243453902E-01  4.4056652092285562E+00  1.0857444054224615E+01  3.8345858426041923E+00
 -1.0323252325373543E+01 -9.7123211756009358E+00 -3.7997958025869738E+00  2.1286465661059739E+00 -1.1125381387229702E+00  9.4709987077731250E-01
  1.3049170234544822E+00  6.0590875259035548E-01 -9.2518139928236909E-01 -1.8416499571922657E-01 -4.5827802447811550E-01  1.2657187322591906E-01
  6.6348212107785398E-01 -1.2088365689255958E+00  6.3440757695970781E-02 -8.1460315014549742E-02 -1.3508228664422234E-01  2.2052137140910695E+00
 -3.4968512845079913E+00 -2.4336689691814577E+00  2.8199084252402922E+00 -1.6190261394648937E+00  4.4922804239719233E-01 -2.4950529744389578E+00
  1.4509866535836866E-01  3.9000034813387554E+00 -1.6083095340617388E+00 -1.1997982850923465E+00 -2.6186883314434648E+00  2.1113823909139091E+00
 -4.5635633553106336E-01  5.2555229619313443E-02 -1.2870953567578269E-01  8.9913114176120124E-01 -1.5831870088754159E+00  5.5620466167658622E-01
  4.3603340154562229E+00 -7.0396054729506572E+00  6.1634509891694487E+00 -5.7664289683135204E+00  2.7786693497178284E+01  8.0648384331407419E-01
  5.2810606510324343E+00  6.9373514276356794E+00  1.6747328539113425E+01  2.5944051643437449E-01 -4.0500414741275419E+00 -1.3990162015949008E+00
 -2.0916789736841150E+01  5.5197420754348219E+00 -2.9882237331547858E+00 -7.7086551779550279E+00 -1.9103346221708108E+01 -1.2188275977146720E-01
 -8.8478769020444070E-01  1.3187411622516755E+01  3.3580521081570491E-01 -1.1014287921411956E+01 -6.9642586927356609E+00  4.4891338916347667E+00
  2.8433898284112388E+01  2.1918151668280345E+01 -4.2248263090400702E+00  3.2366732503151194E+00  1.2542067671850326E+01 -1.3164806853961709E+01
 -7.3870323650506742E-01 -2.8839260908702339E+01  1.0269419076653145E+01  4.5548956277722868E-01  2.4419638910965951E+00  5.3882752106466224E-02
  3.0655031085864064E+01 -1.2766734397566644E+01  5.8573436863493438E+00 -4.0948193464560774E+01  1.1182871834601002E+01 -3.7389240239027841E+00
  1.2022297127647485E+00 -1.7943117021453381E+00 -9.2670924942317608E-03 -1.0748635925640212E+01  6.3398583221068936E+00 -1.7685969076776402E+00
 -7.0954943723176900E+00 -5.5484102325821851E+00  2.6461505790846149E+00 -5.8154458079505433E+00  2.1082424188898647E+00  6.0448607479181027E-01
  8.5921755137597131E+00  2.9957788602396036E+00 -7.9237294391972144E+00 -5.3553283864264127E+00 -8.1140887120510978E+00  9.2526643941809041E+00
  4.3377387533769030E+00 -1.8070404290733461E-01  3.3981569200609747E+00  2.2582876535233067E+00  7.8078496652331228E-02 -7.2524992525817156E-01
 -4.4344637815649133E+00 -5.7367040728623957E+00 -3.4097845825970983E+00  7.8409727555322304E+00  4.6073623883013841E+00  3.9446737690518257E+00
 -2.7450962389494227E+00 -1.1799722106115766E+00  3.2252495410897303E-01 -1.1886134120847340E+00  1.9942066939558301E+00  7.3906202368256946E-01
  2.3612950759220311E+01  1.8881064917083414E+01 -1.3180179907176848E+00  2.1002278986998064E+01 -1.6156951465250454E+01  1.7928831861190251E+00
  4.2186955056272700E-02 -1.0281145922298722E+00 -4.3476385483060920E-01 -1.6895336902098229E+01 -3.6394424579904316E+00  2.2125498534833796E+00
  9.8523894728894224E-01  1.9299374537510399E+01 -1.1527890884929125E-02  5.2830547289031697E+00 -1.5864388653826424E+01 -1.8569615649116511E-01
 -1.8085269995082331E+00  4.6910229582502716E-01 -1.6517245096635305E-01 -1.5022835516415587E+00 -5.5890755524276345E+00  6.1732483645724101E-01
 -1.5548631074039875E+01 -2.0749800045288117E-01 -1.6274052134768100E+00  2.4677754626773698E+00  2.7004180889853128E-02  8.4397594926075259E-01
  2.0255506915920507E+00  1.6017063869038506E+00  6.6099890622032176E-01  6.2583702013345199E+00 -3.5768973602959081E-01  6.1732290211218593E-02
 -1.2651929750985179E+01 -5.5555400513353259E-01  9.1670962933806202E+00 -2.9482198467436791E+00  2.2959874159714495E+00 -4.8087385828051072E+00
 -4.2892032939356262E+01 -1.0475493995783824E+00 -3.4357961939617523E+00  3.2557095889729335E+00  8.6374611525195135E+00 -1.3896656647476235E-01
  2.9892125100085081E+00 -6.4134648350745593E-01  5.2709971120205823E-01  2.7463863261138437E+00  7.7631834266571680E+00 -1.1351582071080673E+01
  6.3449472864257990E+00  8.6641578215112141E+00  1.1153309977491632E+00  1.1949405732360676E+00 -5.3147810097140713E+00  3.3365516562541138E+00
 -1.8782034243214918E-01 -3.4443221646330147E-01 -1.2789416325846097E+00  5.3890520774299961E+00 -6.0052838453786013E+00  2.0057082110645972E+00
 -1.3022651322883462E+01  9.6396772836471705E+00  7.0576062777621491E+00 -3.8524303829382913E+00  6.3357943744821910E+00 -4.6121256020365005E+00
  2.1417631419476432E+01 -3.4939875619224408E+00  9.4743800693262710E+00 -1.4036833788037780E+01 -1.3515718770049920E+01  7.5684315170721019E+00
  3.6546708323823043E+00  1.7112834935867820E+01 -6.4760932334759067E+00 -2.3141565422871690E+00 -1.0043463368576351E+00 -1.2040250288263425E+00
  7.7427339985777053E+00 -1.4640167256203529E+01 -3.9282463551404956E-01  8.7858830869236950E+00 -8.1539448264170122E-01  2.4122061153451198E-03
  6.3336006973186398E+00  7.3491722479118833E+00 -5.4017955102554680E+00 -6.1583313705712115E+00  2.4849917103694832E+00 -4.7845400275921328E+00
 -2.0389766072415849E+00  3.8826035594280411E-01 -2.2659966437704238E+01  6.0938348664238502E+00  9.0842417141960596E-01  2.6408462781539434E+01
 -5.9856929246504826E+00 -4.5847596613947506E-01 -3.6800605323545993E-01  2.2002017551323592E+00 -1.7340504233788512E+00  2.8517386322236677E+00
 -1.4804717180490918E+00  6.0194934576648222E+00 -3.3507141478060638E+00  1.8322555734197639E+00 -1.3877201428839435E+01  3.9086741081903447E+00
 -1.0541129240322418E+00  1.6274050005307997E-01 -1.1607979329958089E+00  1.7496979669899264E+00  7.9315943750710449E-01  2.0499776930155181E-01
 -7.4060393019414317E-01 -1.9465886510254187E+00  9.1613434859906793E+00 -1.3252189799779975E+01 -5.3436201198221580E+00 -1.0656392703585750E-01
 -1.0934491701290083E+00  4.2990096085741500E+00 -6.1286636953390164E-02 -7.5272736213547473E+00  1.3229455840560712E+01 -6.0615304703868702E+00
  3.0320197323490245E+01 -1.0820585131922297E+01  4.1520653543176822E+00 -6.8255762268945597E-01 -5.2567779268861525E-01 -2.6768783894168360E+00
 -7.8173150628767134E+00 -1.5554958037446827E+00  4.4362667702686204E-01  3.3239493739263359E-01  2.0509394558648748E+00 -1.1698439463286414E+00
  4.9216843622355388E-01 -4.5760855199053374E+00  1.0479775524961839E+01 -1.8914593838442077E+01 -1.8678557853708842E+01  1.4936030325852503E+01
  5.4281516099516729E+00 -6.5036123191983963E-01  3.8061207430992594E+00  5.8159963743315028E+00 -3.1937963235293547E+00 -2.9847311015648068E+00
 -1.6500649426677922E+00 -1.9311174434038116E+00 -2.2893060630803390E+00  1.4445812200059589E+00  1.4730581703130718E+00  7.7252687175523782E+00
 -1.0530123123251844E+00  2.3856336112212846E+00 -7.6503188959972002E-01 -1.5457734877837233E+01  2.9768950189923604E-01 -9.1442006371057136E+00
 -1.4263949646078713E+01 -1.2795844306964739E+00  5.6052320505344486E+00  3.2776161274252630E+01 -9.5137925114104398E+00  2.3064305037792368E+00
  3.6852938690555483E+01  9.3011288112530810E+00 -2.1538991738179196E+00  5.8977530526800481E-01  1.8199651429834875E+00  1.0196248388733338E+01
 -6.9357851275577709E-01  1.4640347058089784E+01  3.6259978002578852E-01  1.0595478600801357E-01  2.2348083624877116E-01 -4.1108297722054612E+00
 -8.1033295731932731E-01 -3.0318408808679300E+00  1.1007675725094684E+01 -2.7607843345699404E+01 -9.5833417532223155E+00 -4.7563702922769284E+00
  1.0795657414775114E+01  5.8406385322443972E+00 -5.4578916735844707E-01  1.3086194189656512E+01 -5.6626762508929760E+00  1.5500898946676728E-01
  6.8355217392241474E-01 -6.5449937471117792E-01  5.0246604925984550E-01 -9.7938353006410104E+00 -1.5739180657540162E+00 -1.5149457639677227E-01
  8.9906336561584688E-01 -2.6860571363017440E+00 -6.3178136147282737E+00 -9.8305710868187579E-01  3.7331788899792390E-01  4.8500573597821859E+00
  6.0128956620366647E-01 -5.3932152242314202E-01  7.1978251270438853E-01  1.0346977527004113E+00  1.1312288616341708E+00  1.4377375225847910E+00
  1.0623622265179739E-01  3.1528677425419627E-01 -9.5666109475264649E-01  2.8494621886891169E-03 -4.5186838046828603E-01  1.8864791815367998E-02
  6.3519847884452629E-01  2.8392518106036663E-01 -1.8718344252104924E-01  4.6666113864061778E+00  2.2774470464284341E-01  2.4781978942525797E+00
 -3.0000146415472493E+00  4.4350963211740466E-02 -1.9051160863480765E+00 -2.2768408714815687E+00 -1.5532945684707915E+00 -1.8206033228766867E+00
 -1.5121921851560933E+00 -9.9634801375646204E-02  3.7907731194227290E-01  8.3276254489970702E-01  1.0217580923703826E+00  1.5546524066735518E-01
  3.3648387605092539E-01  1.1335455741796738E+00  9.7440186788898728E+00 -6.3386066564525234E-01 -6.5310512910735401E+00  2.0093558113781551E+00
 -3.0203479522316621E+00 -7.1902349514982666E-01 -2.0784853248423598E+00 -1.6420218310696200E+00 -2.0155429520512441E-01  4.6999660040090180E-01
  1.3407302904046052E+00 -5.8185486612428683E+00  3.1434405211187546E+01  1.5316758446233866E+01 -5.3457587879306336E+00 -8.3849851722253490E+00
 -3.7933158496037315E+01 -1.7250497528693838E+01 -7.1290181120287954E+00 -1.0952836848061724E+01 -1.3292871052438668E+01  4.1681188996999854E+00
  1.5184341177155801E+01 -4.0135607149859789E+00 -7.1881643576468504E+00  2.7369417493087161E-01  1.9352328872096422E+01 -1.9598775025528825E-01
  9.1340970988688319E-01 -4.6486069849554479E+00 -1.7555463683738932E+00 -1.8010562249592756E+00  1.3562202492414557E+00  7.3089944054483844E+00
  1.3443662804097138E+00  1.6538337630029223E-01  2.3397677148122759E-01 -3.7973716771447424E-01  1.4202777009622447E+00 -7.1248484494503472E+00
 -3.3016953675060562E-01 -9.9215044872030660E+00  1.5511149661909547E+01  4.1559566209544507E-01 -5.9649318783645475E-02  1.6808039653389177E+00
 -1.7740901690922890E+00 -1.8947542353313023E+00 -5.5939833185494858E-01 -5.9190805663359765E+00  1.5963164975588471E+00  8.1341332725011526E+00
 -1.0424028672445658E+00 -2.9819825159563002E-01  3.6162514610442253E-01 -3.1145809680839126E-01 -4.7808281494768728E-01 -1.9046928378998548E+01
 -3.3387568955879487E-01  1.1604148642401938E+01  1.1401179135548542E-01  1.0804329198091793E+00 -1.1876581032391758E+00  3.4125675131957096E+00
  1.5066633279300368E-01  7.6884779979309732E+00 -5.3581937570918714E-01 -3.8268630472057081E+00 -6.0322758309801987E+00 -7.6969346180371749E+00
  3.2203825117401412E+00  4.8204780177287504E-01  4.8705403180727067E-02 -3.4241472776921030E-03 -1.2454904536723730E+00  2.5071648994080071E+00
  5.8102132466367729E-01 -3.8456010627096808E+00  1.1639277096146001E+00  1.4081382824454339E+01 -4.1605462182177205E-01 -1.4322141214935677E+01
  1.3724313985572971E+00 -3.9794895313546541E+00  4.3928275229281522E-01 -3.7024034582966003E-01 -1.3683663565656432E+00  4.3079143184699786E+00
 -5.8543514433013160E+00  2.0086124759984521E+00  8.1073058983162571E-01  1.3501490130291780E+01  3.0943269667799722E+00 -9.2505629727767713E-01
 -4.6579264833121686E-01 -8.2818002796246093E-01  9.0554966926230451E-01 -2.6124790638231237E+00 -1.1477808685439013E+00 -2.8862066579432993E-01
  5.5446686387848998E-01  1.4282211194220511E+00 -7.3502466121746168E-01  8.2308535749998168E-01  2.3380051408050986E-01  3.7058619929665774E-03
  4.9243074365347237E+00 -3.6770469632420621E+01  5.8906154363355130E+00  1.0495869822875569E+01 -6.6795083010597951E+00  2.1190449668636764E+00
  2.9533321855285291E+01  4.1532251902400169E+01 -1.5407684697292060E+01 -2.8412578886177791E+01 -9.8871907926831284E+00 -1.2984680506033254E+01
  5.8699103168238844E+00 -2.3587647864984998E+01  3.1936576493381712E+00  2.0525244233190271E+01 -4.9743125167018025E+00 -8.6904711016823235E+00
 -9.3296458621153509E+00  3.9593736394380801E+00 -1.1591709935892485E+01 -1.2400777559767288E+01  1.5734326699491731E+01  1.0324115422146676E+01
 -7.2318442301225403E+00  3.1994034884040272E+00  1.2580127408791718E+01  3.1759704761823069E+00 -3.5580328209064874E+01 -1.6492958422263225E+01
  1.5138107253872402E+01  9.1990833790017259E+00  8.5609834825713271E+00  3.9738698880852237E+00 -1.5640277447722370E-01 -3.6173216790302505E-02
 -6.2838888545301543E+00  2.2405071501195746E+00 -1.1141802981725730E+01 -1.2156710132535950E-01 -1.1145521303172766E+01 -1.4974759298827511E+01
  3.3903703100405451E+00  1.2915665076461456E+01  2.4313499656596096E+00  2.6170681786715444E+00  5.9653350553028761E-01  5.1270170912819548E+00
 -1.8381394687037494E-01 -5.0205660542975117E-01 -4.0871778765050765E-01 -1.1715484671621705E+00 -1.5185350715191959E+00  9.1307266716832691E-01
  4.0679802990598574E+01
